KCO.A12B1nom = 2.72138684195 -1.84 ; 
KCO.A23B1nom = -0.1193632904 -1.84 ; 
KCO.A34B1nom = 0.18360227380 -1.84 ; 
KCO.A45B1nom = 0.36193569149 -1.84 ; 
KCO.A56B1nom = 2.64304369069 -1.84 ; 
KCO.A67B1nom = 2.95321350358 -1.84 ; 
KCO.A78B1nom = 2.06255801538 -1.84 ; 
KCO.A81B1nom = 0.15308080378 -1.84 ; 

  KCO.A12B1hyst = ((-1)*1.08*KCO.a12B1nom) ;
  KCO.A23B1hyst = ((+1)*0.46*KCO.a23B1nom) ;
  KCO.a34B1hyst = ((+1)*0.55*KCO.a34B1nom) ;
  KCO.a45B1hyst = ((+1)*0.62*KCO.a45B1nom) ;
  KCO.a56B1hyst = ((-1)*1.19*KCO.a56B1nom) ;
  KCO.a67B1hyst = ((-1)*0.84*KCO.a67B1nom) ;
  KCO.a78B1hyst = ((-1)*4.17*KCO.a78B1nom) ;
  KCO.a81B1hyst = ((+1)*0.53*KCO.a81B1nom) ;

KCO.A12B1 = KCO.A12B1nom + KCO.A12B1hyst ;
KCO.A23B1 = KCO.A23B1nom + KCO.A23B1hyst ;
KCO.A34B1 = KCO.A34B1nom + KCO.A34B1hyst ;
KCO.A45B1 = KCO.A45B1nom + KCO.A45B1hyst ;
KCO.A56B1 = KCO.A56B1nom + KCO.A56B1hyst ;
KCO.A67B1 = KCO.A67B1nom + KCO.A67B1hyst ;
KCO.A78B1 = KCO.A78B1nom + KCO.A78B1hyst ;
KCO.A81B1 = KCO.A81B1nom + KCO.A81B1hyst ;

KCO.A12B1 = KCO.A12B1 + KCObeambasedknob ;
KCO.A23B1 = KCO.A23B1 + KCObeambasedknob ;
KCO.A34B1 = KCO.A34B1 + KCObeambasedknob ;
KCO.A45B1 = KCO.A45B1 + KCObeambasedknob ;
KCO.A56B1 = KCO.A56B1 + KCObeambasedknob ;
KCO.A67B1 = KCO.A67B1 + KCObeambasedknob ;
KCO.A78B1 = KCO.A78B1 + KCObeambasedknob ;
KCO.A81B1 = KCO.A81B1 + KCObeambasedknob ;


KCD.A12B1 = -2275.351506401131;
KCD.A23B1 = -2719.0349856116;
KCD.A34B1 = -2551.534925730013;
KCD.A45B1 = -2245.209416691708;
KCD.A56B1 = -1809.166448460581;
KCD.A67B1 = -2801.007394421265;
KCD.A78B1 = -4507.078602072882;
KCD.A81B1 = -3157.177610415415;